1 0.8485294117647059 0.4 0.05 0.14814814814814814
1 0.5 0.7481481481481481 0.8705882352941177 0.5037037037037037
1 0.4808823529411765 0.7574074074074074 0.29705882352941176 0.44074074074074077
1 0.8058823529411765 0.8907407407407407 0.20588235294117646 0.13703703703703704
1 0.21029411764705883 0.1111111111111111 0.2323529411764706 0.17037037037037037
1 0.4676470588235294 0.2351851851851852 0.24705882352941178 0.42592592592592593
1 0.5014705882352941 0.2574074074074074 0.8558823529411764 0.5
1 0.12102941176470587 0.5883333333333333 0.056558823529411766 0.11966666666666667
1 0.20985294117647058 0.9401851851851851 0.21152941176470588 0.03988888888888889
1 0.19908823529411765 0.1688148148148148 0.21494117647058822 0.0641111111111111
1 0.2053235294117647 0.09259259259259259 0.22058823529411764 0.1111111111111111