1 0.6064705882352941 0.40830721003134796 0.6152941176470588 0.2993730407523511
1 0.6135294117647059 0.7758620689655172 0.7164705882352941 0.4482758620689655
1 0.611764705882353 0.13322884012539185 0.5552941176470588 0.2664576802507837
1 0.3176470588235294 0.6383542319749216 0.0641764705882353 0.13678683385579937
1 0.6026705882352941 0.5101097178683386 0.23636470588235295 0.054153605015673976
1 0.8251294117647059 0.49586206896551727 0.1700588235294118 0.09404388714733543
1 0.6759411764705882 0.3768808777429467 0.2780705882352941 0.2123040752351097
1 0.6663058823529412 0.11542319749216301 0.26096470588235293 0.16244514106583072
1 0.7967882352941176 0.20376175548589343 0.1411764705882353 0.06269592476489028
1 0.4042823529411765 0.07195924764890281 0.05134117647058824 0.07836990595611286
1 0.36363529411764706 0.31490595611285266 0.04491764705882353 0.09119122257053291
1 0.6074823529411765 0.9318965517241379 0.3058823529411765 0.09974921630094044
1 0.6893058823529411 0.7202978056426332 0.3561529411764706 0.30351097178683384
1 0.8732588235294118 0.9247648902821317 0.21283529411764707 0.13109717868338558